1 0 0
2 0 0
3 0 0
4 0 0
5 0 0
6 0 0
7 0 0
8 0 0
9 0 0
10 0 0
11 0 0
12 0 0
13 169 171
14 169 171
15 169 171
16 168 172
17 166 174
18 164 176
19 162 178
20 160 180
21 157 183
22 154 186
23 151 189
24 148 192
25 144 196
26 141 199
27 138 202
28 136 204
29 135 205
30 135 205
31 136 204
32 137 203
33 138 202
34 139 201
35 140 200
36 141 199
37 142 198
38 143 197
39 144 196
40 144 196
41 143 197
42 142 198
43 140 200
44 139 201
45 139 201
46 139 201
47 139 201
48 141 199
49 142 198
50 144 196
51 145 195
52 145 195
53 146 194
54 146 194
55 147 193
56 148 192
57 149 191
58 150 190
59 151 189
60 152 188
61 153 187
62 153 187
63 153 187
64 154 186
65 154 186
66 154 186
67 155 185
68 155 185
69 156 184
70 157 183
71 157 183
72 158 182
73 159 181
74 159 181
75 159 181
76 159 181
77 159 181
78 158 182
79 159 181
80 159 181
81 160 180
82 161 179
83 161 179
84 161 179
85 161 179
86 160 180
87 160 180
88 159 181
89 158 182
90 157 183
91 157 183
92 157 183
93 157 183
94 158 182
95 158 182
96 159 181
97 160 180
98 161 179
99 160 180
100 160 180
101 160 180
102 161 179
103 161 179
104 161 179
105 161 179
106 161 179
107 161 179
108 162 178
109 162 178
110 162 178
111 162 178
112 162 178
113 161 179
114 162 178
115 162 178
116 163 177
117 163 177
118 163 177
119 163 177
120 163 177
121 163 177
122 162 178
123 161 179
124 160 180
125 160 180
126 159 181
127 158 182
128 158 182
129 158 182
130 159 181
131 160 180
132 161 179
133 162 178
134 163 177
135 164 176
136 164 176
137 164 176
138 163 177
139 163 177
140 164 176
141 164 176
142 163 177
143 162 178
144 161 179
145 161 179
146 161 179
147 161 179
148 161 179
149 162 178
150 161 179
151 161 179
152 161 179
153 161 179
154 160 180
155 159 181
156 158 182
157 157 183
158 157 183
159 157 183
160 157 183
161 158 182
162 159 181
163 160 180
164 161 179
165 162 178
166 163 177
167 164 176
168 164 176
169 164 176
170 164 176
171 165 175
172 165 175
173 166 174
174 166 174
175 165 175
176 165 175
177 165 175
178 166 174
179 167 173
180 168 172
181 168 172
182 169 171
183 169 171
184 169 171
185 170 170
186 170 170
187 169 171
188 169 171
189 170 170
190 170 170
191 172 168
192 174 166
193 176 164
194 178 162
195 181 159
196 184 156
197 186 154
198 190 150
199 193 147
200 195 145
201 196 144
202 197 143
203 198 142
204 199 141
205 201 139
206 202 138
207 204 136
208 205 135
209 205 135
210 206 134
211 206 134
212 206 134
213 206 134
214 206 134
215 206 134
216 205 135
217 205 135
218 206 134
219 206 134
220 205 135
221 205 135
222 204 136
223 203 137
224 202 138
225 201 139
226 200 140
227 199 141
228 199 141
229 198 142
230 199 141
231 199 141
232 200 140
233 200 140
234 200 140
235 200 140
236 202 138
237 204 136
238 205 135
239 206 134
240 206 134
241 206 134
242 207 133
243 208 132
244 208 132
245 209 131
246 210 130
247 210 130
248 210 130
249 209 131
250 207 133
251 206 134
252 204 136
253 204 136
254 203 137
255 203 137
256 204 136
257 204 136
258 205 135
259 206 134
260 207 133
261 207 133
262 204 136
263 202 138
264 200 140
265 200 140
266 200 140
267 201 139
268 202 138
269 210 130
270 217 123
271 220 120
272 223 117
273 224 116
274 224 116
275 224 116
276 222 118
277 220 120
278 217 123
279 215 125
280 213 127
281 210 130
282 207 133
283 205 135
284 204 136
285 204 136
286 205 135
287 205 135
288 205 135
289 205 135
290 204 136
291 204 136
292 205 135
293 205 135
294 206 134
295 207 133
296 207 133
297 208 132
298 207 133
299 206 134
300 205 135
301 204 136
302 204 136
303 204 136
304 206 134
305 207 133
306 209 131
307 210 130
308 211 129
309 212 128
310 213 127
311 214 126
312 216 124
313 217 123
314 218 122
315 219 121
316 220 120
317 222 118
318 222 118
319 222 118
320 221 119
321 219 121
322 217 123
323 214 126
324 213 127
325 211 129
326 208 132
327 206 134
328 204 136
329 201 139
330 199 141
331 198 142
332 197 143
333 197 143
334 196 144
335 195 145
336 194 146
337 193 147
338 192 148
339 192 148
340 192 148
341 193 147
342 193 147
343 194 146
344 193 147
345 192 148
346 190 150
347 188 152
348 185 155
349 183 157
350 180 160
351 178 162
352 176 164
353 174 166
354 172 168
355 170 170
356 167 173
357 165 175
358 163 177
359 161 179
360 158 182
361 155 185
362 152 188
363 148 192
364 145 195
365 142 198
366 140 200
367 138 202
368 138 202
369 138 202
370 138 202
371 137 203
372 136 204
373 135 205
374 134 206
375 133 207
376 131 209
377 130 210
378 129 211
379 127 213
380 125 215
381 126 214
382 127 213
383 130 210
384 134 206
385 137 203
386 140 200
387 144 196
388 147 193
389 149 191
390 151 189
391 151 189
392 152 188
393 152 188
394 152 188
395 151 189
396 150 190
397 150 190
398 149 191
399 149 191
400 148 192
401 147 193
402 146 194
403 143 197
404 141 199
405 139 201
406 137 203
407 135 205
408 134 206
409 133 207
410 133 207
411 132 208
412 131 209
413 130 210
414 128 212
415 127 213
416 125 215
417 123 217
418 120 220
419 118 222
420 116 224
421 114 226
422 113 227
423 112 228
424 111 229
425 111 229
426 111 229
427 111 229
428 111 229
429 111 229
430 111 229
431 111 229
432 0 0
433 54 102
434 77 153
435 90 184
436 98 202
437 103 213
438 106 219
439 108 223
440 109 226
441 0 0
442 0 0
443 0 0
444 0 0
445 0 0
446 0 0
447 0 0
448 0 0
449 0 0
450 0 0
451 0 0
452 0 0
453 0 0
454 0 0
455 0 0
456 0 0
457 0 0
458 0 0
459 0 0
460 0 0
461 0 0
462 0 0
463 0 0
464 0 0
465 0 0
466 0 0
467 0 0
468 0 0
469 0 0
470 0 0
471 0 0
472 0 0
473 0 0
474 0 0
475 0 0
476 0 0
477 0 0
478 0 0
479 0 0
480 0 0
481 0 0
482 0 0
483 0 0
484 0 0
485 0 0
486 0 0
487 0 0
488 0 0
489 0 0
490 0 0
491 0 0
492 0 0
493 0 0
494 0 0
495 0 0
496 0 0
497 0 0
498 0 0
499 0 0
500 0 0
